17.97
21.334
26.523
31.712
32.202
32.075
28.83
28.26
28.071
27.048
21.739
18.1
19.304
21.54
28.05
29.945
31.773
31.343
28.291
28.699
28.324
26.327
21.515
17.922
19.092
20.611
26.948
31.629
33.581
30.709
29.313
28.32
28.031
26.142
21.093
17.255
18.45
21.011
27.169
31.998
31.217
29.839
27.817
28.083
28.095
26.182
21.398
18.735
18.249
18.904
25.173
28.574
30.625
32.965
28.291
28.349
27.829
26.294
21.7
18.011
18.449
20.779
24.896
31.926
32.946
31.225
28.718
28.159
28.422
26.318
21.738
18.641
19.401
21.064
24.941
28.818
31.631
30.644
28.618
28.002
28.162
26.461
21.958
17.608
17.346
21.234
26.904
33.092
32.681
30.711
28.233
27.781
28.119
26.517
21.092
17.132
19.945
21.34
27.784
28.778
32.472
29.443
28.145
27.65
28.031
26.122
22.469
18.45
18.342
20.938
26.731
31.226
32.285
30.091
28.192
27.98
28.072
25.964
20.862
17.154
20.221
20.562
25.877
30.705
32.575
29.562
29.215
27.976
27.731
26.069
21.919
16.977
19.025
22.115
26.897
29.669
31.883
31.098
28.19
28.097
28.171
26.124
20.892
17.196
18.161
21.14
25.396
32.001
31.108
28.663
28.342
27.711
28.116
25.586
20.701
17.552
18.62
21.715
26.256
28.83
30.753
29.77
27.989
27.928
27.83
25.591
21.739
18.403
19.025
21.313
25.874
30.762
31.983
30.375
29.241
28.828
28.01
27.419
23.371
17.986
18.323
21.611
27.829
31.051
34.311
29.49
28.541
28.179
28.117
26.462
21.736
17.336
18.023
20.897
25.602
30.326
30.151
29.731
28.371
28.023
27.734
26.098
21.398
17.635
17.426
21.077
27.226
29.846
31.031
28.74
29.679
27.747
28.332
26.551
22.181
17.96
19.696
20.609
27.501
30.572
32.353
29.95
28.488
28.107
28.017
26.075
21.898
17.812
18.904
21.14
26.271
30.776
32.134
31.905
28.308
28.104
27.953
26.545
22.018
17.706
19.039
20.894
27.628
31.311
34.412
30.933
28.696
27.877
27.868
25.242
20.684
18.605
18.649
21.575
27.625
31.753
33.384
29.247
28.067
27.677
27.287
25.014
21.33
17.656
18.357
20.886
25.956
31.162
32.979
32.113
28.316
27.655
28.156
25.74
21.37
18.501
18.825
21.511
28.093
32.126
32.817
32.69
28.489
28.106
27.456
26.422
21.295
17.683
17.447
20.084
26.471
30.047
32.12
30.608
27.751
28.38
28.01
25.484
21.518
17.404
18.299
21.842
25.677
29.827
32.194
33.472
28.529
27.956
27.909
25.716
20.619
18.552
18.948
21.288
25.404
31.647
31.849
31.593
28.471
28.083
28.254
26.517
21.892
18.786
19.03
21.833
27.905
30.625
32.302
29.618
28.176
28.48
28.588
26.643
21.82
18.528
19.022
20.336
26.953
30.896
33.585
31.824
27.869
27.776
28.077
25.405
21.242
17.693
17.852
20.613
27.069
30.759
32.261
31.116
28.169
27.902
28.072
26.639
21.097
17.436
19.723
21.26
26.095
32.203
32.221
32.776
28.196
28.38
28.069
26.221
21.318
18.333
19.524
20.511
27.377
30.921
32.682
31.372
28.166
28.104
28.189
26.875
21.694
18.586
17.488
21.403
26.93
29.594
32.035
30.143
28.07
27.628
27.953
26.065
21.418
18.157
17.988
20.709
26.729
31.27
33.176
30.373
28.497
27.957
28.077
25.74
20.833
18.511
18.054
21.581
27.35
30.202
34.334
32.212
28.517
27.649
27.953
26.164
21.598
18.382
18.62
21.188
27.663
31.624
31.048
29.501
28.19
28.127
27.816
25.661
22.259
18.826
17.399
20.964
25.969
30.107
31.523
30.316
28.571
28.022
27.931
25.737
21.458
17.431
20.045
20.038
28.625
32.433
30.551
29.504
28.19
27.902
28.523
26.531
21.048
17.767
19.493
22.139
26.233
31.905
32.957
31.069
27.946
27.655
27.929
26.449
21.411
18.491
18.139
21.236
25.363
31.222
32.32
31.441
27.991
28.084
28.33
26.821
23.82
18.99
19.329
21.626
28.356
32.134
32.767
30.242
28.324
28.353
28.309
25.887
21.425
19.564
19.023
21.516
27.703
30.886
34.259
32.469
28.316
27.5
27.47
26.163
22.58
18.434
19.902
19.913
26.992
29.368
33.005
30.596
28.216
27.677
28.174
26.996
22.211
19.463
19.329
21.169
26.225
29.029
34.421
32.019
28.013
27.999
28.357
26.145
22.001
19.917
18.306
20.762
27.852
29.843
32.516
31.639
28.694
28.701
28.409
25.664
21.596
17.605
18.991
23.187
27.549
28.048
31.404
30.264
28.067
28.012
28.007
26.064
22.743
19.435
19.495
21.607
27.525
32.724
33.256
31.663
28.474
28.196
28.233
26.161
22.415
18.975
20.196
21.912
26.153
31.406
32.126
31.42
27.818
27.668
28.079
26.244
22.6
17.392
19.349
21.109
27.276
29.294
30.175
31.271
28.389
28.299
28.031
26.911
20.775
17.893
19.522
21.458
26.176
31.346
32.678
30.349
28.145
27.7
28.016
25.576
21.054
18.463
18.265
21.628
26.751
30.577
32.924
31.279
28.469
28.777
28.917
27.665
22.293
19.438
19.812
23.265
27.276
28.84
32.126
31.29
28.122
27.8
27.918
26.247
22.022
19.232
18.826
22.832
29.377
32.034
33.429
30.651
28.095
27.901
27.853
26.461
21.764
19.898
18.05
23.331
26.947
33.118
33.085
29.665
28.249
28.035
27.703
25.237
20.218
18.603
18.925
21.881
28.302
30.848
33.43
31.219
28.122
28.005
28.247
26.264
22.045
18.429
19.627
20.695
27.65
31.845
32.554
28.401
27.866
27.996
27.73
26.034
21.472
19.234
19.732
20.88
26.048
31.52
35.313
32.115
28.214
28.302
28.307
26.785
22.108
19.656
20.809
21.958
27.652
32.252
34.936
33.571
29.026
28.123
28.095
27.401
22.517
19.894
19.599
21.288
27.073
31.577
33.656
30.749
28.568
28.106
27.81
26.619
21.402
18.387
18.773
22.982
25.973
32.22
33.2
31.367
27.89
28.101
28.222
26.486
21.233
19.076
19.606
19.713
28.111
32.022
33.357
30.365
28.016
28.397
27.741
25.742
20.932
16.348
17.418
21.401
26.563
30.692
32.605
30.671
29.08
28.105
28.188
25.74
21.796
19.027
17.977
22.81
26.949
30.341
31.111
30.503
28.494
28.399
28.484
26.648
23.426
19.286
19.647
22.324
28.248
31.272
31.624
31.958
27.804
28.104
28.233
26.636
22.216
19.186
19.8
21.936
25.813
30.475
33.409
32.473
28.258
28.104
28.159
26.531
22.771
18.332
18.62
23.168
27.428
31.953
34.236
31.628
29.107
28.63
28.504
26.279
23.35
18.56
19.478
23.142
25.769
29.566
32.827
32.018
28.74
27.999
28.032
26.442
21.967
20.582
19.326
21.448
27.268
31.027
33.739
29.34
28.225
28.029
28.809
25.697
21.507
20.699
18.923
22.906
28.663
31.653
31.402
31.392
28.371
27.625
27.835
26.536
23.048
18.755
19.475
22.162
26.893
31.616
33.211
30.042
28.316
28.301
27.745
26.161
21.272
17.583
18.75
20.935
25.723
27.594
29.183
29.016
26.983
26.777
27.704
26.087
21.389
18.209
18.693
19.384
26.894
30.962
33.414
31.761
28.472
27.953
26.991
25.981
21.608
18.804
19.593
22.264
25.583
31.392
31.251
29.863
28.318
28.078
27.452
26.086
21.695
18.157
18.019
21.137
26.792
30.658
31.492
31.212
28.018
28.372
28.02
26.644
21.864
16.855
18.253
21.558
26.791
30.771
32.602
30.865
27.638
27.873
27.536
27.041
21.366
17.887
18.798
22.407
27.427
30.178
30.91
30.939
28.518
27.926
27.726
27.15
24.29
19.151
18.726
21.702
28.247
29.956
29.547
29.737
28.188
28.433
28.31
26.327
23.383
17.772
17.864
21.251
25.524
29.439
32.107
30.136
28.095
28.084
27.641
26.444
23.296
18.749
19.949
19.699
26.325
30.476
33.105
30.938
29.476
28.813
27.157
27.053
24.819
19.134
19.327
22.147
26.12
31.928
31.793
28.925
27.428
27.285
28.502
26.039
22.458
19.216
18.5
21.85
26.053
28.443
29.713
30.761
28.046
28.31
27.941
26.491
22.218
18.56
20.301
21.569
25.114
30.233
33.631
30.673
30.422
28.102
29.01
26.969
22.647
18.96
18.984
21.262
27.151
29.945
31.397
32.524
29.172
28.527
28.507
26.236
22.335
18.518
18.95
20.384
27.186
31.53
33.186
29.363
28.389
28.104
28.028
26.823
21.299
19.073
19.628
21.079
27.603
31.281
30.858
30.929
27.42
27.771
28.221
25.543
22.124
19.841
18.766
21.595
26.343
30.06
30.151
31.044
27.965
27.68
27.682
25.29
22.125
19.016
18.635
21.853
26.171
29.875
31.506
31.595
28.021
27.477
27.979
26.746
22.477
19.55
19.49
21.721
26.252
30.58
31.705
29.288
28.244
28.918
29.265
27.77
23.171
20.892
18.893
23.095
27.333
32.398
32.203
29.782
28.638
28.482
28.355
27.307
22.733
18.809
19.955
22.115
25.15
29.925
30.777
30.594
28.192
29.055
28.514
25.464
23.147
19.409
18.321
23.395
27.387
30.534
32.44
30.165
29.177
28.139
28.516
26.168
21.495
18.254
18.391
20.664
27.505
31.311
31.424
30.903
28.957
28.487
28.348
26.711
22.877
18.757