Date,Bankura_temp,Birbhum_temp,Burdwan_temp,Darjeeling_temp,Hooghly_temp,Howrah_temp,Jalpaiguri_temp,Kochbihar_temp,Kolkata_temp,Malda_temp,Medinipur_temp,Murshidabad_temp,Nadia_temp,North-24-Parganas_temp,North-Dinajpur_temp,Purulia_temp,South-24-Parganas_temp,South-Dinajpur_temp
1993-01-01,18.983196810801306,18.886813591646632,19.34641203994507,15.152941446659698,19.956227421671013,20.085497615725917,16.893459399153517,17.155804515788887,20.14461869061869,17.362124851409064,19.618764101531735,19.078064684591034,19.68863706431914,19.489398215741943,16.661285718257865,18.378665997272336,15.18669258302633,18.25386940178493
1993-02-01,21.768823703342722,21.871103764416922,22.308244395696914,17.204917267062967,22.93458296422139,23.014917965653563,18.877431911127427,19.321278234687785,23.12757657077036,20.115293309348775,22.300567473170993,21.981257415577264,22.65817807397745,22.27567527624559,19.181037999192878,20.863190226700514,14.609324102153296,20.769604599306184
1993-03-01,26.795633532920917,26.98440213839943,27.337314311049813,21.931543510615008,27.72970755661028,27.567308861387204,23.361032688400236,23.98543935367318,27.766656853173558,25.27908423955652,26.793903225634068,26.94245692204197,27.499072241838498,26.411071312772265,24.318036710393002,25.867166176975545,14.40584924801303,25.79272900844429
1993-04-01,30.75482178628394,31.013421795735965,31.06877251023752,25.191344002287682,30.813092049274275,30.33722334864485,26.47056557207937,27.180381143050415,30.59243768448173,29.388449300988693,29.842173596743123,30.887942749008246,30.841633661589665,28.838118544399038,28.268259465055035,30.137787747926133,14.334141114231985,29.603043591939727
1993-05-01,32.01442302368165,31.98902667709223,31.935487532997257,26.18472789507422,31.48178859784053,31.06293717323279,27.43136110293175,28.095910268183747,31.222300689091355,30.220393310362404,30.783044918684407,31.540088982392305,31.455133014159777,29.467923707409145,29.165331695951828,31.790652206296095,14.308869900881879,30.198347486925865
1993-06-01,30.694627876220284,30.893842537301097,30.818986111022365,26.992764150221237,30.53164865075789,30.32376650387599,28.290222328518997,28.765185285296038,30.46654638388014,29.835732544266023,29.821006259068746,30.734602698921794,30.64652812700753,29.016425038122975,29.31492029804862,30.39008242265249,14.299963878782119,30.111383133063033
1993-07-01,28.438600117477606,29.00561335184236,29.045909396496366,27.037531932797233,29.167810501816714,29.035969014225813,28.344201082324307,28.75815041721237,29.260621367721168,28.7160841312256,28.155780301354223,29.31308661835522,29.34301561621393,28.063486039233858,28.655608223859677,27.7381811602928,14.296825239234323,29.36504710661739
1993-08-01,28.209461126716878,28.770006576141636,28.78147120127138,27.35478594931782,28.872562355952635,28.762588678868333,28.5597347132786,28.95976750209805,28.96888561284273,28.54658203670376,27.938509109361956,29.11143693957564,29.152117111608803,27.870943343745626,28.685439127400507,27.508372403999143,14.295719127201291,29.219726359447623
1993-09-01,28.20599595330913,28.691996334582345,28.79170288739725,26.7053890880581,28.892337118755254,28.810055698304183,27.97070985200833,28.47995913194002,28.99975296402213,28.371542558168187,27.95835400262255,29.100134021121253,29.244368722633027,27.9362878311903,28.281449245873503,27.524401711664822,14.29532931377704,29.026814607408262
1993-10-01,26.5089654374438,27.222392766704207,27.292121892407426,24.952995933641493,27.56665547593091,27.542507419054456,26.316751930150787,26.761262272423476,27.747598127846008,26.74650398182345,26.531018905497525,27.672737407558316,27.942279646245225,26.90692539594646,26.556119274989786,25.593389265611222,14.29519193663875,27.413107898621213
1993-11-01,22.477450238757946,23.029254925450573,23.27060349800976,20.782964959383577,23.87670237676496,23.997218404825148,22.349907715016524,22.80003649085474,24.14499861412798,22.530627086026172,23.003034932839086,23.66544417463426,24.20688854356139,23.56410960174389,22.212123015821994,21.30209992719938,14.29514352250791,23.499533752665943
1993-12-01,18.987568271476604,19.212419584047275,19.596074024372093,17.009034121036855,20.27036391835932,20.513619591467076,18.658489782662983,19.010901529197252,20.60582719943744,18.478800793291278,19.75061163270765,19.762499832883027,20.29141505112001,20.11942264212662,18.142721261095197,18.080667111306425,14.295126460512776,19.48069357153725
1994-01-01,18.990210826344306,18.93940571926148,19.4382529070621,15.2429242094566,19.997714160918637,20.15007904062748,17.04813418818869,17.289153461994047,20.222449744306164,17.43419549573265,19.71377305996576,19.18582590845021,19.79776803425391,19.553307636341412,16.7364346985901,18.369923466988396,16.133057565098373,18.30142224206383
1994-02-01,21.73379086291523,21.867314798467675,22.34635521551611,17.200221213346328,22.923291041832993,23.02674591378058,18.93163428829781,19.336794930661895,23.15070446383505,20.101925982364374,22.362383385094763,21.99565563474535,22.690399627229656,22.270823517873445,19.16261450760911,20.860900093309144,15.67472058013187,20.74561331345237
1994-03-01,26.78377361724958,26.986877795961355,27.381454115535206,21.9812140864706,27.730654443706626,27.58735696981371,23.404157066903338,24.05260256978917,27.79407033638313,25.313740502486606,26.870356384228593,26.961163547287537,27.53695721267119,26.408704008127916,24.366966451200206,25.89453466997721,15.51336721599173,25.88139533692
1994-04-01,30.73331576715806,31.008883827176504,31.11000663475781,25.2059459946585,30.81171289092856,30.35719307181272,26.5020371405168,27.219927337786185,30.618872257976125,29.40300231531514,29.92014341777935,30.899804235990562,30.877034843112366,28.83756790723638,28.286457923382052,30.160734098662537,15.456564232655694,29.661753183983055
1994-05-01,31.967464528448723,31.96389619751318,31.955777003139435,26.160725116054806,31.451019209953134,31.05604415821695,27.452002459838766,28.070874134078295,31.226055183066784,30.183493936688908,30.841744707829655,31.525741399458333,31.456591899528696,29.445063174655086,29.123726390663187,31.794869767649434,15.436567259347648,30.185724297706408
1994-06-01,30.661888636072756,30.882547119908303,30.85237571811943,26.991315485734233,30.5211718560564,30.330085740573132,28.317142991958548,28.776031349813394,30.482770883563127,29.845403913954698,29.886154035093405,30.743005888492615,30.67221568817725,29.007588993081143,29.32541211513832,30.406858325300576,15.429527506891036,30.167129108455946
1994-07-01,28.41168372384221,28.99291977930162,29.077756316890024,27.022348834742896,29.152613084363495,29.03990951171685,28.364238953366623,28.743382832831884,29.270117386990076,28.687013675202625,28.21462423965165,29.308013534826827,29.3630416538148,28.041050753839684,28.632962512712847,27.755783570962564,15.427049226108892,29.361453724031737
1994-08-01,28.177778560400306,28.755999145458183,28.81357429452416,27.35779587786039,28.860667115903215,28.7685761088562,28.588337212993288,28.972662196316072,28.983011563008997,28.53872259142521,27.999940993288387,29.11392987306888,29.174755046623694,27.85601566946074,28.685064700911763,27.522783425959105,15.426176769914871,29.24124065071963
1994-09-01,28.17017425349679,28.683434355710464,28.822349944874816,26.708071059224377,28.877089266032943,28.81285354788771,27.99599405268136,28.485379413302734,29.01132133092572,28.367488108269793,28.021188210283896,29.099970858931066,29.26397367878979,27.91887831003707,28.283377121150785,27.538395437911547,15.425869629652166,29.05540148273654
1994-10-01,26.47448920369666,27.200721865803065,27.323937787617012,24.962717922957076,27.553039453388074,27.54794509987227,26.341866992031242,26.770023687788942,27.762793144399765,26.735912442917204,26.59464176893087,27.669849018772716,27.962324334803554,26.889269183609613,26.553281328639933,25.60806842323202,15.425761503718025,27.436582114043624
1994-11-01,22.447650854324674,23.01869187906089,23.305493538188088,20.78737741631066,23.865283435663663,24.00451030128486,22.373937273325975,22.820246023487364,24.161874149178896,22.532483256570643,23.07399880098032,23.672099705342937,24.231570756607432,23.54760856221436,22.218452312260894,21.32234029329608,15.425723438966987,23.542553141289243
1994-12-01,18.944247072134484,19.18989127469718,19.621765863542983,17.000158846336053,20.24445985586216,20.50790230551455,18.675546627206824,19.027328270291168,20.61235843810988,18.45723441356039,19.807619539222912,19.761123647985485,20.301428701384793,20.095860420920296,18.122968533864377,18.091125304382487,15.425710038617819,19.481456505439102
1995-01-01,19.04883663796474,18.97786157665962,19.409841351712522,15.26357214509057,20.052787882477485,20.152601443264295,17.042575901286206,17.321852245561566,20.219224826686375,17.511747924907823,19.629226059380553,19.188880534944524,19.793938898936002,19.589394059295394,16.752066237711855,18.391936090240723,16.009810457692314,18.26725603781439
1995-02-01,21.794434524650804,21.91133440841656,22.32212946923139,17.208625758005365,22.976164188035902,23.030466117330363,18.92913959702569,19.355878863153244,23.149369846693293,20.18112512732258,22.28200770413104,22.010847025801308,22.687749272313336,22.309301689846595,19.17002807192902,20.865461755389305,15.565354594170778,20.697848286207982
1995-03-01,26.842931165752958,27.027586804648585,27.357063529888343,21.98529001193281,27.781525388152872,27.591213995074497,23.399767280128057,24.06752759076138,27.792309337518702,25.390825293240514,26.788843527542188,26.972179184757135,27.53321135379831,26.44698832291353,24.370717332936607,25.893691061657638,15.408350416361161,25.824399389236984
1995-04-01,30.795477985228704,31.050432670879225,31.085906983794278,25.209948900941402,30.86268439938298,30.361552102046414,26.49803213489702,27.22226335115206,30.61561925562419,29.475980698914277,29.835843147795313,30.913412214703836,30.874107250207242,28.875724909897837,28.294033476575954,30.159326288434183,15.352888639674578,29.610722158969708
1995-05-01,32.03195007703082,32.00648453310028,31.932219419542236,26.165306337425925,31.503313076806283,31.060037969949406,27.445887402515083,28.09254047132135,31.225353840791854,30.259324288943564,30.75521047411341,31.54095239072671,31.45552299891721,29.484510572697292,29.133381810229498,31.794510642388506,15.333296749088314,30.134904298614313
1995-06-01,30.724324900415407,30.92668425427242,30.82896539396212,26.995415114299814,30.570917841117808,30.33356529248979,28.312282549490437,28.79505203396166,30.48316463712811,29.92013868539676,29.801202957893867,30.757069708985142,30.67131279922616,29.046694886939736,29.332798725272298,30.40792841723424,15.326375907390197,30.115234860475503
1995-07-01,28.470951348162522,29.036012621750373,29.054142036907606,27.02670730339719,29.200406423817654,29.044093918481593,28.362111039333136,28.762749772144037,29.26983080615941,28.762620064458392,28.13589121819747,29.321411306167438,29.361259657401913,28.07969094492038,28.640006172387555,27.75672675255085,15.323931117817722,29.31590872719549
1995-08-01,28.237583870306008,28.798071659301268,28.790224589568695,27.361796623992447,28.90867802008301,28.772423792211296,28.586880173458987,28.99004994902395,28.981906977838808,28.61345503473002,27.92075311297373,29.127777345800485,29.17311788979391,27.895341981300692,28.69170788468575,27.524402910479957,15.32306749510904,29.196373907626008
1995-09-01,28.232988609094534,28.72170612021707,28.798828249658985,26.712078106247322,28.927082421997415,28.816498466050845,27.993242349505685,28.50930066321117,29.009462802079145,28.442974961787037,27.93737204299065,29.114227547232577,29.26214658547485,27.957875351055616,28.28899364370672,27.53814750639338,15.32276242010735,29.006218350195837
1995-10-01,26.536199091749854,27.252552426820117,27.300622846415717,24.966588423757972,27.604841425608985,27.551780271026935,26.336836879441094,26.78957908249956,27.7625297911605,26.810718215522797,26.511455570502143,27.68330881114536,27.9604470109592,26.928687630847413,26.55958516277117,25.608823505791552,15.322654652264148,27.387428080896644
1995-11-01,22.5097793382821,23.061389264081203,23.282109292207824,20.791354162165234,23.915974564890327,24.00862020331973,22.368785873221288,22.831103157162538,24.158217926791647,22.607103665742006,22.98728129648293,23.68525367089699,24.229957707200636,23.58515039579785,22.224301783516168,21.322821029171628,15.322616583238617,23.49143779445864
1995-12-01,19.007181302700275,19.236079739213796,19.598189031311865,17.00439744648634,20.294900401349565,20.512199934619492,18.668445993058032,19.025750485102265,20.609465281554417,18.533505410620688,19.7218331774579,19.774270539346453,20.300899388304316,20.13334276118443,18.131934924995107,18.092330541535425,15.322603135343012,19.436281247027544
1996-01-01,19.011599469727656,18.9958381186297,19.442472841919223,15.287568311652706,20.034393484143028,20.162823009616506,17.070651622161844,17.296523318851403,20.22026889997561,17.46879755633836,19.70118846520788,19.186581347209856,19.807617163484117,19.612217275638546,16.762785597588586,18.35950485913397,16.521176190730927,18.239215490024023
1996-02-01,21.75341794584277,21.92697352190624,22.350204357415137,17.216764310701738,22.962897484841026,23.04052162657434,18.9560850400494,19.347327479762917,23.149645956775128,20.140744095612657,22.354928647544696,21.98800404281208,22.6989107676407,22.330457812452703,19.186442895301376,20.83013679104577,16.144317952293832,20.730267203572883
1996-03-01,26.804294205711596,27.042557014290193,27.38481031130808,21.99046765423263,27.768981371968977,27.601343706923643,23.430954953546742,24.066487959455372,27.79379875793699,25.350403080413937,26.859343612645702,26.95399068893506,27.546459653375674,26.467047157901007,24.383641453005193,25.847052323521034,16.01081639814504,25.848273317438444
1996-04-01,30.755402983236987,31.067183316727654,31.113928402656374,25.214661885107848,30.85064224323911,30.37196809588552,26.52823054212639,27.224513600848855,30.61552954615847,29.436124883018913,29.905971994176273,30.890281466907137,30.890734565448252,28.89730213055475,28.303720152640516,30.124774359490566,15.963523641499842,29.631693058658865
1996-05-01,31.988632324493114,32.02114944562316,31.9599175890468,26.16993277658427,31.491414069115912,31.07019294381901,27.479595019857307,28.0935378737785,31.225485407283927,30.21932997227515,30.8271063587713,31.524590915572098,31.4691007296353,29.50555049201376,29.14097349705752,31.76554132723452,15.946770242295148,30.153362227079107
1996-06-01,30.680115316317117,30.939617394739916,30.85638114465646,27.000083983553406,30.56092808696673,30.343057729955216,28.34231411916367,28.795491242007763,30.484499450897683,29.879046155573466,29.87521816958039,30.74361828396778,30.684218977960246,29.06711433753344,29.34219948766385,30.384651629541708,15.94083537182402,30.135868429720844
1996-07-01,28.429804277667728,29.048547692513896,29.081840007918625,27.03136718159965,29.190847939199333,29.05362049391549,28.38987166961588,28.762494812239716,29.27208434487988,28.720835828679835,28.20849257487861,29.30435690868723,29.37543628207897,28.10174722463151,28.651637459200174,27.725194514281917,15.938732951468682,29.34721206161864
1996-08-01,28.19614175347967,28.81161079011567,28.817526363420356,27.366487959451046,28.899133513822783,28.781578373679032,28.613130305459624,28.9911326927029,28.984275222543104,28.570972553138024,27.993839625207123,29.11046100901564,29.187579244787248,27.91725916526144,28.701808791124318,27.494925253633692,15.937988171717876,29.230627758611377
1996-09-01,28.188451353848066,28.735184178943054,28.82629008246174,26.716719098600112,28.916836473802014,28.825566849393528,28.024115863179265,28.50720154046843,29.012094650356815,28.40114152752713,28.01210914886115,29.097459218821406,29.2744222792634,27.97909969685302,28.299796657822807,27.511383873612544,15.937724334433481,29.032055087451237
1996-10-01,26.4928489227574,27.263721284541855,27.328353446477276,24.97109781772945,27.594321761705267,27.561233647558964,26.366469612728462,26.781143478621075,27.764091666057297,26.769428708447233,26.58801498839079,27.669620476570493,27.97640349617957,26.947790550305687,26.56893627293954,25.568479407916165,15.937630870409302,27.407157899747837
1996-11-01,22.466524435914867,23.07761533511103,23.308967114463897,20.79554043119036,23.905791523859182,24.018260070067264,22.399863112607814,22.822646431702804,24.160101342160285,22.566583354880642,23.06231312853942,23.667827707006584,24.246362438086845,23.604514134349362,22.234558983045172,21.301192564257455,15.937597760896992,23.510554560726824
1996-12-01,18.9633675758434,19.251576331016995,19.62552150170333,17.008287414588082,20.28448724675332,20.522058145877057,18.697767804142003,19.019328509591226,20.610298752831483,18.49069951468469,19.796115737711446,19.75996461240026,20.313853215130845,20.15281924160338,18.136968934433046,18.076472507866907,15.937586031894147,19.45281363871893
1997-01-01,19.04599621237489,18.988988054716156,19.443331366696533,15.310019981714966,20.04240851266427,20.16554285902821,17.06830302711188,17.282280219919933,20.21873150976056,17.5202693453649,19.695860277582696,19.18329969520563,19.842088467915843,19.58174701527604,16.79339029114926,18.311880650780253,15.63400801398661,18.281912694769073
1997-02-01,21.793244726591062,21.9086514237338,22.35180038211215,17.225873973617905,22.970929476579336,23.043061345125277,18.954341497942035,19.336401263194322,23.147781880972616,20.189764226491913,22.34669591024934,22.000297845322716,22.729599758258416,22.303666237342682,19.20483406801641,20.815935646671203,15.089789958806357,20.717809455272935
1997-03-01,26.842773192784193,27.028102291320415,27.386439603094825,21.99668380710981,27.777261237147147,27.604229676105405,23.42835283611725,24.052443216279837,27.791126274382687,25.400156490889184,26.8484437982947,26.963554784513835,27.577344611374553,26.437919609153525,24.399190239985902,25.84855159742761,14.895449506689586,25.84130939508409
1997-04-01,30.790422814334242,31.049867084407463,31.116035025728838,25.220268230608887,30.85975204254469,30.37455585670171,26.523985389255053,27.212419735188867,30.61607171633452,29.485152090752187,29.898136852247454,30.89470180990137,30.919228682914138,28.867030219353275,28.318899563422658,30.118637158031117,14.826050465313713,29.628619343841166
1997-05-01,32.02674399831326,32.00580680914023,31.9617553137535,26.175407759475128,31.502811192595004,31.073230546348455,27.47784330025463,28.08481882543562,31.224994230918455,30.269181340559314,30.823169192597447,31.532014289534718,31.496431168376198,29.477146288985654,29.155759708051868,31.75033916309298,14.80126804409656,30.151479101945075
1997-06-01,30.718253773707872,30.926138296219584,30.85852086436635,27.005538334557546,30.568230692980748,30.346702891399794,28.34099282001151,28.785022386912864,30.482030685126233,29.929286659764863,29.86979755758483,30.753439552252512,30.71008780642957,29.04045453449495,29.356941774288142,30.36544775704463,14.792418233073118,30.132244627521978
1997-07-01,28.464597928364224,29.034836205417925,29.08426137142819,27.03681496951458,29.196634215158387,29.057303975949406,28.388457178279026,28.748535822967195,29.268701159825444,28.77145082735354,28.198819775348003,29.314350605699264,29.40026387186721,28.07486128743936,28.666259128693746,27.71601648002376,14.789257962554577,29.34044641325049
1997-08-01,28.232031847126237,28.798848576110228,28.819925866669273,27.371938737658407,28.901685524893196,28.785347194477335,28.612731670686085,28.976795382823944,28.98186221064953,28.62178304857786,27.98637091943419,29.12085572640673,29.216033727625415,27.8908393586926,28.71602010139525,27.482734647702962,14.788129428880367,29.225815907553525
1997-09-01,28.224281136550957,28.722411839692455,28.82841788762106,26.722160422835877,28.922788621696718,28.82955352233847,28.022602201843203,28.49311182651325,29.01021961007103,28.451795966573307,28.0047420398399,29.1059794852976,29.30273343389709,27.951672388934742,28.31407217786686,27.497483184205297,14.78772642912248,29.02914508245647
1997-10-01,26.533358355732947,27.250902622521732,27.330269696550655,24.976514542023565,27.601399104521533,27.56456170790672,26.365862094811742,26.77437167409183,27.761948531153973,26.820149696978874,26.581133788943653,27.676522050383213,28.002375974731528,26.920726280026294,26.58309034536698,25.566439179606387,14.787582517772233,27.405679494082186
1997-11-01,22.502800062923807,23.063005331217916,23.311024260978115,20.800898644062737,23.9072280331532,24.021310927720553,22.396955256987653,22.81389554470136,24.15979868528142,22.61665878990774,23.054711629164856,23.670596743159265,24.277188546071592,23.576670781480676,22.2486461849924,21.2849094317678,14.787531126980241,23.51130664329007
1997-12-01,18.998343320265143,19.23451390797693,19.627924668190605,17.01359263208881,20.2911359470892,20.525004766095652,18.6953866180125,19.01333620396458,20.609390555191546,18.541443215210144,19.78930192569628,19.76282039550773,20.34080391388028,20.12669755632064,18.150103706046075,18.05320045762344,14.787512775310988,19.44405470615367
1998-01-01,19.043363146016056,19.017373337404305,19.445015880586674,15.251245265199197,20.060139208309327,20.156131980054717,17.03830335190297,17.392833119720116,20.234449224256796,17.48574283818684,19.711889308203137,19.20369693087611,19.8340900848641,19.588919725962267,16.773941882856185,18.348005482137868,14.90148709245146,18.30787083939657
1998-02-01,21.78353460476586,21.9503790113541,22.357590390626342,17.210697760152737,22.980262243194485,23.03374299919007,18.914662083109924,19.445990433993316,23.163441198131913,20.156378654229375,22.366027512808405,22.039375242888923,22.713884671228005,22.31286986323247,19.20406108807002,20.824559881221187,14.120180235384295,20.751502365200043
1998-03-01,26.836839932125258,27.067041791015345,27.391126426821014,21.991557799120958,27.786218997117412,27.595058070266703,23.390893758889682,24.15839828230412,27.806546448990268,25.36709997864317,26.86675292140798,27.001197010494,27.562682561502786,26.449425716964967,24.40070792668023,25.853624283423233,13.842519639076563,25.881962342007974
1998-04-01,30.78751631126396,31.090964722260825,31.121210130246965,25.217593158359854,30.868721067814253,30.3643349417794,26.490075662933766,27.30910983661144,30.63199531953009,29.449835199045804,29.916843573726872,30.921369477039352,30.907067051933485,28.87837928041767,28.314779164748042,30.12037850963434,13.743844699717446,29.665740628251292
1998-05-01,32.02581394298301,32.04384619075957,31.966298299371925,26.173298174669682,31.511506896190614,31.062551581321756,27.44691560754508,28.1674352818779,31.240177100027083,30.24444415568371,30.837494120863177,31.5664076209915,31.48778009471353,29.48963688256419,29.15405150297401,31.75225957412587,13.70877762939129,30.19423969139445
1998-06-01,30.71647090987635,30.9628730857284,30.863044620142514,27.003623533144975,30.578817856367746,30.335969724356257,28.307891931270667,28.872890193634834,30.496401919377153,29.902653192424243,29.883487855711408,30.785411025769584,30.702875286208638,29.052235014948746,29.35862357067245,30.36646798448275,13.696315504466297,30.17026441851984
1998-07-01,28.46132485158598,29.073099572320878,29.088771525751,27.034925660218796,29.20691926023081,29.047133202653857,28.353157630432026,28.842642474158932,29.282979950063194,28.736536923543653,28.216270979436626,29.3406501661293,29.391792087776825,28.084798442222827,28.671456492291853,27.71630332169426,13.691886718251718,29.377580436502754
1998-08-01,28.229788179552685,28.83709734769147,28.823779977023833,27.370092482926957,28.915083784067946,28.77514064954946,28.576113222504194,29.069442137403275,28.996184682579216,28.58747608932211,28.002522612847017,29.152882137211176,29.206958139091018,27.90002852550586,28.723283527210604,27.48291772542696,13.69031281753635,29.259082369426125
1998-09-01,28.225206609261008,28.760216665505318,28.83252422933256,26.720241063774147,28.934287250645266,28.819550346265736,27.98843144468905,28.59049988744439,29.02411191144621,28.42265210343596,28.02012165789354,29.146990992212487,29.293676001511493,27.962182733797743,28.319822422514846,27.497105985447423,13.689753485172625,29.062693869648204
1998-10-01,26.526868029522188,27.288632245643694,27.335337241386934,24.97439618896525,27.609517582743152,27.554452807133433,26.331274957242943,26.885564260627714,27.776474918408233,26.793347240311324,26.598912308160518,27.712204315734244,27.990703847447406,26.931079352185986,26.589350300201907,25.564147992235533,13.689554709805122,27.44342369094028
1998-11-01,22.502219459936583,23.102341465198283,23.315715314022647,20.79830378904985,23.92136007685063,24.011740997305285,22.364342387360377,22.922616771262184,24.174895516052914,22.58616708341851,23.073559165275736,23.70259680877852,24.264303659287197,23.587606106704236,22.252419604424347,21.284032649088424,13.689484069074695,23.54886730594891
1998-12-01,18.998045580891155,19.272973962893403,19.63270506716837,17.01056555121413,20.3020867797084,20.515378999267714,18.664718535696437,19.110891284701136,20.62450331103386,18.509578407082607,19.807013053266555,19.78258662969844,20.33145853856245,20.137485649705987,18.153413580527907,18.05296754328736,13.689458964793122,19.480857853975476
1999-01-01,19.005592143345716,19.02133356345668,19.46758394599011,15.21945163276815,20.059852130275313,20.1633684942715,17.042440557904502,17.402090393036147,20.25525388875658,17.49779549427906,19.698013546148875,19.220643612295603,19.81984140517106,19.608643970625607,16.77022035346624,18.38414443609498,16.264952240599523,18.346831469305368
1999-02-01,21.74785951953093,21.947601141723105,22.38019404759693,17.202652498548265,22.983696482677754,23.040955781882552,18.92678397647943,19.440695825323647,23.18616221433269,20.162617599749268,22.351288870201234,22.0466203511942,22.710411492806287,22.324422546429947,19.201998293354933,20.841757720707847,15.733922519253774,20.803329767383424
1999-03-01,26.80255358085614,27.066473464831667,27.412802850417602,21.98885619712294,27.790668581221578,27.601672385434732,23.39828524961116,24.144570858204528,27.830057718228193,25.376100289433452,26.853350426275743,27.00631686873143,27.55873672263979,26.462592317434957,24.400687440758905,25.8637712023166,15.545682482724231,25.921398535140906
1999-04-01,30.75071551212921,31.088270487835146,31.143809626344964,25.216189269142582,30.86965817884932,30.37162735555729,26.503073655454706,27.306064134952845,30.65297519093886,29.45929071398259,29.90343584954767,30.94912415207577,30.902154510810377,28.893054530210506,28.320067907400784,30.13513464366366,15.478954934475436,29.723834595054296
1999-05-01,31.988304216484966,32.04411099390198,31.987603588051844,26.17218912749904,31.51263223156862,31.07047366862441,27.44782453992786,28.143013371940068,31.263815847290207,30.247274537818686,30.822195124740837,31.579026761579833,31.474324736678106,29.511535448877055,29.157544757987587,31.768810773087925,15.455301275150966,30.22865316530331
1999-06-01,30.680681455750612,30.964560382384843,30.884590783530115,27.002625176774195,30.582227297267615,30.344041111575006,28.31304939351655,28.85148561254839,30.5206955533905,29.907081735134145,29.867617717470242,30.796970531071857,30.688549950908296,29.072424685572834,29.35800625820633,30.388615106372317,15.446916498336568,30.207947400592438
1999-07-01,28.427083866488747,29.074342799333312,29.110884067360026,27.033939543943877,29.211774572879325,29.054417332192727,28.36048501444444,28.821582731283083,29.307686332362863,28.744351834517776,28.203084684450943,29.36002939570014,29.382355093319614,28.098492675029703,28.666647039829872,27.738292110981128,15.443944252847494,29.429907416890632
1999-08-01,28.195376068203903,28.837268008167047,28.845679470080604,27.36913430659809,28.919539588162134,28.78269152011147,28.582713201650844,29.05228282021634,29.019949289095422,28.595592380620307,27.989645518645464,29.16573312793556,29.19596168014825,27.914841785175934,28.7164993326712,27.505249885987023,15.442890647791227,29.302671609309876
1999-09-01,28.188650347917054,28.760062473974944,28.85404929739102,26.719233166563196,28.937277285550458,28.827300399225123,27.99015392685703,28.561906014194232,29.047224219883038,28.43060985447219,28.003896195102893,29.15333010040039,29.28150360758172,27.976285186879974,28.314985158573407,27.51927229888187,15.442517164638954,29.09765389637066
1999-10-01,26.490611005249473,27.287957874074284,27.358057103706347,24.97325363442278,27.611598576196897,27.562469421261277,26.335466954709254,26.863178138831156,27.799567891226417,26.794986749722252,26.58223235811871,27.723173465140498,27.982846078299932,26.94693812966658,26.5844552796007,25.580324251646246,15.44238477189444,27.481668303204753
1999-11-01,22.46573500191493,23.100561903097,23.338027289232883,20.796838931108535,23.923572027886767,24.019151947797532,22.372066558072206,22.904234892923274,24.1951855362259,22.594581414433105,23.056794691350856,23.723005790538277,24.25723443798143,23.601836495344184,22.249320094892685,21.30419167960481,15.442337841159565,23.58235689092916
1999-12-01,18.962470231164573,19.273544102381972,19.65510191842735,17.008808348880134,20.304572797858036,20.5227435503697,18.67626507076389,19.108039868672716,20.646587744729956,18.519705691452604,19.790342483210654,19.814538553526333,20.322613220851007,20.155873031563267,18.150588633551713,18.077260055279442,15.442321205097793,19.53504868148749
2000-01-01,19.06172942663006,19.04476240734137,19.460733240937376,15.199342889019022,20.071153539161827,20.17604464286943,17.07796207650694,17.44239842886849,20.25271711873777,17.542830492958622,19.667654487948145,19.21567395526166,19.857283699990223,19.608249689868313,16.76532650622547,18.36773790770521,17.44692170785263,18.2951805853675
2000-02-01,21.803183481763423,21.979222404121185,22.37323854460984,17.19471488412195,22.99377212271283,23.053335723447965,18.96411927356153,19.459102247070927,23.18556627878465,20.20750301700281,22.312967795692902,22.03326715255515,22.74978292902398,22.326538603505814,19.19514745045274,20.839789574795574,17.189475334210197,20.75768553759623
2000-03-01,26.85779055848684,27.097700176241016,27.404904366113026,21.984321631911964,27.800454785050913,27.615035852980267,23.434763131007248,24.162719262842476,27.828184621540135,25.420812713117876,26.81939885591613,26.99571657002863,27.59479268958067,26.46288188140237,24.389685991517208,25.866395665066428,17.09844304274308,25.871785853898942
2000-04-01,30.806371170163672,31.119783687599405,31.136361478345503,25.2127855772487,30.883272296674008,30.38492795770473,26.53656390777205,27.319848353266995,30.651626706434243,29.50434506800354,29.8717694115924,30.928436262160456,30.938152605947284,28.890203519322295,28.307834139834593,30.137146146634908,17.066254288353154,29.676947577097245
2000-05-01,32.043698076585635,32.0718404921424,31.98097909909882,26.169075953027598,31.52591711868848,31.083511463122893,27.48049160704293,28.190819646553393,31.260670478149727,30.292186156601904,30.79049074346465,31.56711965587914,31.518524451696738,29.502918316813012,29.14604097286625,31.772285744565924,17.054872438105548,30.178420446891423
2000-06-01,30.735756575264656,30.991577855824477,30.879102729637538,26.999688459440335,30.593289557702324,30.357428874032315,28.34614059810526,28.89264808874358,30.518406965920036,29.951371999245595,29.831679599028043,30.787724400168468,30.733388871907557,29.066666677354274,29.348744155714332,30.383163074562187,17.050847848850257,30.157336795081328
2000-07-01,28.4819374441379,29.104284435323752,29.105190616351077,27.03101385810552,29.221759550266963,29.068396351076867,28.394255024212384,28.857617539212587,29.305702758357008,28.78796332910803,28.16512250421768,29.34732222553987,29.422043155975352,28.097448935091695,28.658770450624896,27.726921230082223,17.049424765755553,29.380664122626097
2000-08-01,28.250370511124274,28.86607171489611,28.83919264715103,27.36627096271058,28.930108123549246,28.796443298146485,28.616992319377204,29.0869315724894,29.017906476699142,28.638974219346032,27.9526966169342,29.154504604778907,29.23521765351488,27.91332528978278,28.70910320785245,27.49347872146864,17.04892156769832,29.257131981898418
2000-09-01,28.24341572936908,28.787999369962648,28.847332949112946,26.71625139772772,28.94922712127507,28.840765736241995,28.023943584996214,28.601472884295735,29.044705265088915,28.47487717195167,27.96911098671268,29.140857390782664,29.322832718426174,27.97481565927872,28.305502189506793,27.510917327073056,17.048743638323888,29.050459229331715
2000-10-01,26.545523168116077,27.31663535286868,27.350905392036836,24.96995311154912,27.62447234544588,27.575067268924784,26.369554240415148,26.88398843349474,27.79805737970889,26.840261408199353,26.54382314048705,27.712930550149714,28.025047285785913,26.944190418776238,26.57511079101058,25.570799820771708,17.048680723012847,27.434308074506706
2000-11-01,22.52093287802135,23.129949049214908,23.330313684496705,20.79277582937145,23.93613617011149,24.03206141992315,22.40490358286452,22.92397101313995,24.194567493243994,22.64011485538729,23.021381519029752,23.70512015366976,24.295295117782292,23.600227046110273,22.23796882130153,21.2977000694584,17.048658476341235,23.53730118485254
2000-12-01,19.017892184934148,19.302548967042036,19.649777452195153,17.00405357629316,20.31659786622283,20.535711124312847,18.707444926076697,19.126112928124314,20.645599927831444,18.565307424143143,19.753562692786314,19.79699958657692,20.36411306399864,20.15121361288938,18.138026152974835,18.072308245366518,17.048650609982637,19.492748712679045
2001-01-01,19.03117012339068,19.057026612548114,19.480161315682174,15.30130750161977,20.075309748749856,20.193460157401542,17.04130131533977,17.396810408021718,20.24690605004227,17.520019020688757,19.673991213927767,19.22578389344763,19.85768481127436,19.61194863600443,16.79191087061573,18.389246160209158,15.056677302665372,18.334994376058635
2001-02-01,21.77076012986857,21.975230775993058,22.39228965469083,17.22338527100314,22.999318177450778,23.072798865170494,18.930658586852577,19.460914003475683,23.174140440575606,20.183435361525394,22.3286706505261,22.054880351726222,22.745805681789346,22.32932643728404,19.21035418153276,20.84986865109154,14.331863668725227,20.792402303503554
2001-03-01,26.826192504659804,27.09685317173392,27.42361129900774,21.99748295826558,27.80638587363998,27.634927564967104,23.399631958686804,24.178591650891263,27.81890143823997,25.397113007257488,26.827896804244467,27.01621964647274,27.592990055561806,26.46640940844619,24.402304490247577,25.87717541414968,14.074755574819742,25.903624999130997
2001-04-01,30.774062279679242,31.11768665746639,31.154558279748173,25.22267497515091,30.88881610635641,30.40520482125247,26.504621500601655,27.336374483714074,30.64257226603722,29.48048787566133,29.879401012554137,30.951643302565774,30.933459181183252,28.894247453622903,28.31951080957155,30.14586401766653,13.983553410765015,29.698339184885263
2001-05-01,32.01314176311411,32.071941739186435,31.999627683876426,26.178273593788568,31.531534714414462,31.102049581571,27.45011944378864,28.206295666165726,31.253916464498907,30.269550134639605,30.799214666313915,31.586455202835424,31.513145382360445,29.50580351404389,29.157170986219064,31.778479645117525,13.951201902098303,30.2010924710274
2001-06-01,30.706136038403596,30.990937199660962,30.897410527651257,27.008744179869247,30.599588562496287,30.376635744817968,28.31250147722276,28.908487915433444,30.50955364086756,29.9299320097353,29.844434904954706,30.804629990084226,30.729283512381734,29.06980938103832,29.360343827787506,30.393551810543958,13.939726076673981,30.181799432247402
2001-07-01,28.45091704301808,29.101503956937627,29.12273277773837,27.04003838411804,29.228311222799967,29.08897079309469,28.355248291186665,28.875082880590647,29.295777764222162,28.76537273003781,28.181076911384057,29.36612035270318,29.419487745045956,28.10185885550927,28.67090619533944,27.74199104427634,13.93565533702081,29.412564001016953
2001-08-01,28.220060950828017,28.86341031961879,28.85792359318093,27.375291369775326,28.936567952792846,28.816427914430392,28.57721735281472,29.1023041620989,29.008438394523434,28.61655040219619,27.968719860203507,29.171818510767817,29.232911259065457,27.917912829152122,28.72077736840228,27.51115730664797,13.93421135188587,29.29017064686097
2001-09-01,28.213013355539626,28.787550560097742,28.866424203304852,26.72526545434069,28.955511245715588,28.860175386066047,27.983503265644853,28.62128774804279,29.036552672270222,28.45433388579817,27.98211526719292,29.156167442363053,29.320707184509846,27.979832077758644,28.317392776986683,27.52558182861873,13.933699137092592,29.079524532525507
2001-10-01,26.51506126437007,27.316040958876695,27.37059877194896,24.978953604888012,27.630954828078107,27.596746931403178,26.33351477424629,26.90397406246272,27.788159186737435,26.81856931873292,26.560767448272845,27.725214570298473,28.02264021508026,26.948351287781332,26.58639171799278,25.589785403865093,13.93351744270523,27.46262865187373
2001-11-01,22.490397247596626,23.130152336613072,23.34965720070585,20.801744532478182,23.94232917054811,24.05322548500235,22.3685128439059,22.94473538681752,24.18396432222591,22.619092534408207,23.03357206344187,23.720437865573306,24.292914828372208,23.60523438152882,22.248967612378763,21.313121387745095,13.933452991520236,23.561419919086642
2001-12-01,18.98744818523867,19.30237819618552,19.666873934667414,17.012993489656207,20.32236722851607,20.555029249427637,18.676686015453566,19.14002579360187,20.635041414808185,18.54422465072865,19.766614827733665,19.81507811029927,20.359873543328266,20.154239655445203,18.146955343750204,18.080800678700182,13.933430129200119,19.503299118398328
2002-01-01,19.055643482603955,19.032639495915088,19.490818577460384,15.319145369300452,20.076517870783334,20.18400921007134,17.074147695319766,17.379072285021063,20.27570044806566,17.556866568555865,19.684518430517034,19.262959718073127,19.864602977065296,19.614829269054294,16.78738431183639,18.375285357919424,15.406286397456686,18.324936519500724
2002-02-01,21.795885618954042,21.96264934112748,22.40426059899058,17.230891352183537,22.9967735133835,23.059211071950216,18.965156187369885,19.455032063583793,23.2044213315764,20.219705760516856,22.33592040915179,22.083219809067376,22.74709873556164,22.3338576753021,19.20533175108263,20.85186675199008,14.689461487131316,20.773740290422896
2002-03-01,26.851867062985974,27.082458570720082,27.435907345430902,22.002194121788712,27.801774565450806,27.62050138804321,23.436948222831038,24.172140546677657,27.84764570132855,25.433424716942884,26.833429775889158,27.04661329549859,27.595064147427433,26.471732571138123,24.398933741790895,25.871315667191887,14.435803738366712,25.889816442746188
2002-04-01,30.799207249065685,31.09988611323185,31.166166917350324,25.226510584149544,30.882765048846395,30.393620473509717,26.54219599478702,27.337446076904712,30.672754759893536,29.515656093856805,29.88706550500159,30.985528473998038,30.93582666777669,28.90013219345251,28.317281656969893,30.141688801291576,14.346043669231946,29.68377219334185
2002-05-01,32.04355456233562,32.056192388956944,32.00951905411926,26.181887264881283,31.527779969861935,31.092892402736982,27.48305702123963,28.183199073093228,31.281081720605844,30.307330727713058,30.808454057048564,31.616006344006546,31.51089860140585,29.513899764975992,29.151666070764517,31.780150136069828,14.31428090996156,30.207752970931516
2002-06-01,30.7361679581507,30.976181697195777,30.906997238897375,27.01223456058349,30.59801139641148,30.36652148208907,28.346809874689555,28.88775808462362,30.53736882849076,29.96850496659081,29.851538825465138,30.83245008373696,30.726224391106847,29.07620783001828,29.355984911015604,30.405436662983725,14.303041247534901,30.17992702024814
2002-07-01,28.477290707290635,29.086322186868014,29.133669240895593,27.04351985848858,29.22606395780743,29.075952274144832,28.393324651743875,28.85749040471177,29.324338819327014,28.80437722280623,28.186695523782177,29.396087795010104,29.418595283708466,28.106416612171888,28.66937935778414,27.749729844978226,14.299063947880615,29.39814113047578
2002-08-01,28.247057580199527,28.848714677113833,28.868367615255774,27.378731426743467,28.934427308393197,28.80486914382857,28.61388700805215,29.08110927552516,29.03760871662043,28.656604102639413,27.975451248203562,29.20272126418861,29.234815006266984,27.922807073041486,28.718132646971185,27.515635231696624,14.297656529050805,29.280456367005264
2002-09-01,28.24163924959329,28.774035880171713,28.87691569874257,26.728783385391537,28.9525827173115,28.849208883659223,28.023031526798253,28.60342814312903,29.065819593892666,28.493158230557,27.987572242343692,29.191093101631317,29.321171418763477,27.985032825716953,28.31682423052535,27.530813660937955,14.297158495728029,29.075867975237326
2002-10-01,26.54818512477982,27.298857746259348,27.38123047720571,24.982681354920977,27.627326486652404,27.58311824026192,26.368722021341398,26.89789426320498,27.817887263817642,26.857461606431755,26.56486119542774,27.75784396717214,28.019336728070368,26.954787788720147,26.582892005305133,25.588283558845784,14.296982260207129,27.460771735911525
2002-11-01,22.51844694869679,23.114647713909775,23.361239031794824,20.80597429035884,23.93936288373403,24.04051420850529,22.408540996791793,22.946582285017136,24.21634387994121,22.655372973384964,23.03821369582571,23.75783947021429,24.295369502306844,23.611413876502247,22.250340319083758,21.31549188986503,14.296919896992849,23.554614713465
2002-12-01,19.015207992670486,19.285448924219324,19.67834031920656,17.017678579454355,20.321691939848222,20.543549539160065,18.71264135419326,19.13960204407332,20.66582609238774,18.58031296802524,19.773581509464872,19.84798668525289,20.35998821252908,20.161025899392293,18.14722347580395,18.092282897807408,14.296897828964363,19.495785618224634
