Date,Bankura_temp,Birbhum_temp,Burdwan_temp,Darjeeling_temp,Hooghly_temp,Howrah_temp,Jalpaiguri_temp,Kochbihar_temp,Kolkata_temp,Malda_temp,Medinipur_temp,Murshidabad_temp,Nadia_temp,North-24-Parganas_temp,North-Dinajpur_temp,Purulia_temp,South-24-Parganas_temp,South-Dinajpur_temp
1993-01-01,18.30600768375443,17.634672264603527,18.442940275253722,15.695811852402514,20.314,20.506,17.719,17.863,20.502,17.088,20.159,18.836,19.617,19.729,16.659,19.059,16.959,17.805
1993-02-01,20.68862668874611,20.473907582197896,21.157710754466745,15.833193394492232,23.737,23.721,20.378,20.968,23.897,21.511,23.04,23.027,23.597,23.024,20.609,22.029,19.443,22.121
1993-03-01,27.5491128167821,27.663618700898933,28.01229445739197,23.87319196315517,26.7,26.536,21.938,22.434,26.693,23.838,26.021,25.594,26.154,25.256,22.73,25.402,21.395,24.14
1993-04-01,31.3643639263809,31.650299301778237,31.75345220681052,25.6288987940639,29.613,29.167,25.548,26.001,29.288,27.862,28.983,29.379,29.452,27.654,26.739,29.514,23.188,28.127
1993-05-01,31.409611955773105,30.979900723749157,31.161049220763147,25.05403918177364,30.873,30.491,26.606,26.856,30.589,28.573,30.52,30.137,30.225,28.711,27.689,32.258,24.291,28.382
1993-06-01,30.946942860084814,31.253536184275966,31.127591180093802,26.895928178847324,30.271,29.964,28.069,28.549,30.092,29.792,29.797,30.882,30.419,28.609,29.173,31.292,24.136,29.954
1993-07-01,28.93177555282154,29.06495114909647,29.154179058434273,26.13625890863894,29.452,29.28,28.624,29.246,29.493,29.214,28.567,29.8,29.725,28.186,29.078,28.358,23.785,29.923
1993-08-01,28.488365941427634,28.871250982655148,28.950205001562903,27.207613390603065,28.793,28.791,28.721,29.262,28.898,28.076,28.133,28.809,28.954,27.732,28.405,27.68,23.57,29.006
1993-09-01,28.39832392531126,28.778168964007563,28.863441588090595,26.63011831466066,28.553,28.454,27.59,28.118,28.597,28.074,27.718,28.782,28.911,27.506,28.086,27.25,23.31,28.913
1993-10-01,26.72543318914671,27.289319863248043,27.443392642089883,25.34599186229736,27.546,27.506,27.362,27.74,27.699,27.297,26.672,28.02,28.15,26.876,27.255,25.902,22.721,28.024
1993-11-01,22.873750427214134,23.384976107475175,23.63151601613692,20.899039836701647,23.879,24.062,23.521,23.92,24.204,23.132,23.038,23.896,24.465,23.775,23.17,20.9,20.169,24.557
1993-12-01,18.676825716760753,18.76927190503163,19.166517117113663,16.515390674311718,20.54,20.762,20.338,20.396,20.904,19.416,19.933,20.248,20.798,20.471,19.388,18.164,17.435,20.769
1994-01-01,19.585335258705403,18.99215890371528,19.634883087278716,15.891314527706793,20.572,20.681,17.711,18.259,20.702,18.243,20.312,19.949,20.389,19.991,17.441,19.249,17.049,19.0
1994-02-01,22.793539002829075,23.012925859958816,23.32756867809617,18.60181495221089,22.253,22.342,17.708,18.402,22.4,19.276,21.896,21.138,21.866,21.616,18.168,20.523,18.395,19.819
1994-03-01,26.068928776310642,25.86262383679158,26.33141756161038,20.3288625943118,28.12,27.95,24.298,24.708,28.093,25.541,27.455,26.999,27.601,26.697,24.654,26.696,22.519,25.941
1994-04-01,29.780666087995694,29.66759959643856,29.81714146589043,24.13952457675674,30.086,29.658,25.746,26.284,29.886,28.43,29.303,29.772,29.981,28.123,27.342,29.461,23.569,28.738
1994-05-01,31.84212646229158,31.101823431604245,31.30536216752433,25.473674627772432,32.205,31.846,27.902,28.469,31.99,30.558,31.606,32.009,32.126,30.245,29.53,32.701,25.461,30.659
1994-06-01,31.134293002916063,31.232065065913886,30.94533130033367,26.945582967816943,30.159,29.975,28.579,28.982,30.095,29.61,29.671,30.268,30.186,28.718,29.376,30.436,24.29,29.953
1994-07-01,28.993310862877273,29.526268641333576,29.48067772608487,27.3415848262051,29.326,29.233,28.832,29.517,29.495,29.299,28.251,29.715,29.826,28.323,29.388,27.438,23.867,30.302
1994-08-01,28.21283658118615,28.346205984526428,28.57371455569122,27.310885336453627,28.78,28.702,28.785,29.434,28.897,28.67,27.847,29.192,29.22,27.859,28.752,27.252,23.504,29.514
1994-09-01,27.989353443067564,28.36278296437166,28.472797713153884,26.24829799418629,28.897,28.82,28.348,28.878,28.997,28.3,27.976,28.93,29.204,28.044,28.477,27.325,23.678,29.204
1994-10-01,26.634993052837924,27.444468737718626,27.456744651893246,26.047080143797885,27.742,27.75,26.431,26.859,27.9,26.636,26.841,27.591,27.993,27.123,26.458,26.016,22.936,27.233
1994-11-01,22.023502104464733,22.812132376113798,23.137909154108435,21.989317843381073,23.95,24.037,21.764,22.382,24.201,22.792,23.115,23.952,24.294,23.601,22.295,21.732,20.012,23.787
1994-12-01,19.029155478053454,19.51635776972491,19.843392329395556,18.69702124467366,20.37,20.586,18.433,18.648,20.705,18.623,19.796,19.71,20.359,20.214,18.097,18.503,17.268,19.69
1995-01-01,19.965105823454504,19.76593414175397,20.143530148067004,15.89272480837245,18.998,19.186,14.898,15.688,19.202,16.126,18.788,17.996,18.742,18.688,15.083,17.255,15.962,16.987
1995-02-01,21.383959849047812,21.22108664217861,21.68445205479295,15.949114529713569,22.516,22.61,18.404,18.969,22.7,20.606,22.091,21.481,22.22,21.88,19.622,20.635,18.609,20.86
1995-03-01,27.514814150019262,27.212187698215814,27.697069831711946,22.65758365262321,27.483,27.356,23.857,24.264,27.495,25.032,26.759,26.405,27.097,26.354,24.28,25.577,22.23,25.63
1995-04-01,29.988222150421763,29.961095234703677,30.133848005638132,24.330714736467193,31.566,31.169,26.145,26.813,31.388,29.28,30.641,30.837,31.29,29.589,28.032,30.681,24.873,29.535
1995-05-01,32.760739074230415,32.43330035867541,32.590124089952724,26.74015988347579,31.991,31.599,29.336,29.71,31.79,31.199,31.136,32.131,32.213,30.239,30.625,31.979,25.365,31.55
1995-06-01,30.57267539173919,30.511463873600682,30.484665930386022,27.457939462645196,30.85,30.578,29.069,29.472,30.691,30.071,30.445,31.119,30.794,29.2,29.53,31.854,24.658,30.255
1995-07-01,28.38405870934089,29.116059922910452,29.124796224878693,27.541663615873116,28.932,28.804,28.253,28.719,28.995,28.043,28.13,28.758,29.022,27.991,28.152,27.766,23.556,28.815
1995-08-01,28.089709141674682,28.649059618792123,28.657605512578836,27.363102938966026,29.237,29.286,28.522,28.957,29.398,27.905,28.557,28.659,29.107,28.237,28.17,27.683,23.954,28.716
1995-09-01,28.173793906773675,28.48149782469728,28.715431442999076,26.98910599444404,28.653,28.553,28.03,28.493,28.697,28.154,27.83,28.737,28.996,27.728,28.284,27.321,23.401,29.013
1995-10-01,26.78473732512337,27.24823578624959,27.442781936645453,25.098709506065056,27.525,27.53,27.2,27.618,27.7,27.021,26.635,27.677,28.043,26.951,27.053,25.724,22.8,27.825
1995-11-01,22.5925027086372,23.167462410532018,23.403729062529617,20.24207200689669,23.969,24.037,22.015,22.726,24.201,23.236,23.134,24.177,24.489,23.62,22.584,21.673,20.012,24.193
1995-12-01,19.075248064435407,19.184395840537245,19.60716325383034,16.787438600647267,20.71,20.951,19.868,19.754,21.005,18.866,20.301,19.997,20.597,20.429,18.809,18.733,17.585,19.98
1996-01-01,18.000606355177226,17.61675149366942,18.259147301482074,13.039347964557155,20.513,20.719,17.183,17.579,20.703,17.171,20.361,19.016,19.892,19.89,16.485,19.016,17.119,17.902
1996-02-01,21.48479652021391,21.51184062845466,21.945375255142224,16.69525210826671,22.481,22.616,18.629,19.319,22.701,19.85,21.997,21.348,22.234,21.966,18.947,20.145,18.689,20.518
1996-03-01,26.55494302677771,26.403948526329874,26.971484948111048,22.215926866934954,28.699,28.537,23.503,24.086,28.693,25.864,27.909,27.486,28.131,27.156,24.749,27.122,22.973,26.149
1996-04-01,31.210871713073903,31.107597674361113,31.46415873212622,24.721886709059454,30.35,29.964,26.142,26.741,30.187,28.672,29.507,29.992,30.311,28.409,27.682,29.305,23.888,29.127
1996-05-01,32.2581721942781,32.307731744438975,32.41612509963299,28.158775000543137,32.702,32.402,28.038,28.469,32.491,30.363,32.226,31.966,32.298,30.641,29.463,33.292,25.912,30.46
1996-06-01,31.6475607268948,31.54387778211179,31.416635515226854,27.918638384605263,29.659,29.54,27.331,27.923,29.595,28.977,29.31,29.681,29.722,28.349,28.57,29.636,23.991,29.442
1996-07-01,28.405887091967898,28.638819767668778,28.784215909063665,26.977500404870465,29.802,29.804,28.401,28.992,29.996,28.392,29.002,29.179,29.684,28.768,28.417,28.106,24.38,29.125
1996-08-01,28.481882177134977,28.464294957588876,28.765177873793498,27.104317388139357,28.268,28.237,28.417,28.932,28.298,27.675,27.594,28.329,28.53,27.314,27.956,27.007,23.089,28.605
1996-09-01,28.04472433720254,28.326373639313164,28.52494680468307,26.678217190625574,29.513,29.429,27.996,28.589,29.595,28.728,28.664,29.507,29.766,28.557,28.604,28.103,24.062,29.511
1996-10-01,26.507029514360145,27.118929378965667,27.271357142043303,25.85501412485781,27.161,27.151,26.741,27.028,27.3,26.462,26.275,27.173,27.495,26.431,26.522,25.418,22.436,27.224
1996-11-01,22.553849300270965,23.266283061889105,23.502362463717592,20.429084920448823,23.93,24.075,23.108,23.316,24.203,22.701,23.182,23.501,24.055,23.557,22.756,21.563,20.084,23.791
1996-12-01,19.536372264739082,19.717874280620986,20.04018971048008,18.22977847511284,20.09,20.35,19.67,19.593,20.406,18.832,19.679,19.344,20.065,19.973,18.858,17.86,17.158,19.991
1997-01-01,19.712393413726943,19.091202982420487,19.761662037753393,15.3690269410334,19.336,19.472,16.38,17.203,19.503,17.017,19.032,18.608,19.202,18.931,16.198,17.663,16.146,17.979
1997-02-01,21.23228885599793,21.16989176768289,21.761937589266527,16.89353672464586,22.206,22.358,18.066,18.869,22.5,18.26,21.711,20.492,21.387,21.431,17.534,19.783,18.434,18.804
1997-03-01,27.929626571212406,27.697074819044843,28.215015369194266,21.898544828500494,28.148,27.985,24.233,24.948,28.193,25.629,27.296,27.254,27.837,26.806,24.754,26.237,22.629,26.22
1997-04-01,29.985748047671485,29.986144752147464,30.27985862904181,24.73064921038305,28.995,28.481,26.74,27.013,28.785,28.479,28.041,29.53,29.268,27.043,27.677,28.051,22.621,28.73
1997-05-01,33.32417937793484,32.6183657151069,32.9424182387538,26.8803619161007,31.786,31.445,27.593,28.212,31.591,29.763,31.162,31.349,31.594,29.823,28.826,31.943,25.188,29.949
1997-06-01,29.862073906160116,29.76430301860252,29.838820031795073,26.189934151342193,31.312,31.127,28.451,29.069,31.194,29.956,30.904,30.992,31.056,29.62,29.473,32.06,25.154,30.253
1997-07-01,28.877700791676844,29.014483387395494,29.347110616742413,27.125123396627142,28.932,28.918,28.48,29.125,28.999,28.537,28.268,29.132,29.291,27.932,28.534,27.485,23.6,29.413
1997-08-01,27.743067372945383,27.87764581532517,28.04834307104394,26.995503891902477,28.78,28.729,29.086,29.967,28.897,28.8,27.977,29.211,29.223,27.859,29.159,27.403,23.504,29.716
1997-09-01,28.828245912154703,29.092698814405264,29.299593086069745,26.65541499060034,28.369,28.31,27.234,27.867,28.399,27.622,27.638,28.315,28.58,27.436,27.561,27.025,23.2,28.413
1997-10-01,26.230356752322965,26.74867369539187,26.921821984994835,25.426889687582218,27.502,27.549,25.385,26.378,27.7,26.114,26.69,27.128,27.751,26.938,25.927,25.985,22.772,26.923
1997-11-01,22.47925528726093,22.802251449891354,23.213938210934153,21.571113522217484,25.009,25.226,22.327,23.222,25.304,22.684,24.403,24.184,24.941,24.671,22.422,22.571,21.064,23.769
1997-12-01,18.679681407283113,18.80465743549726,19.25387128727642,18.06269871508362,20.161,20.429,19.061,19.168,20.406,18.401,20.093,19.462,20.092,19.954,18.183,18.852,17.1,19.669
1998-01-01,18.493313163843464,18.369061827818012,18.792819514439344,14.483848236682705,18.628,18.79,17.008,17.429,18.704,16.797,18.704,18.14,18.486,18.212,16.383,17.517,15.626,17.692
1998-02-01,21.012649041357495,20.901191526036392,21.48160014278451,16.274788627718614,23.038,23.111,20.154,20.58,23.2,20.529,22.566,22.213,22.864,22.369,19.772,21.036,19.019,21.3
1998-03-01,27.22242652799455,27.229921115093596,27.702495447324647,22.58789970711349,25.852,25.731,22.741,23.134,25.895,23.839,25.229,25.238,25.671,24.639,23.077,23.696,20.824,24.33
1998-04-01,28.870040643941234,29.647556042112303,29.45270032764721,25.320552731435033,30.67,30.264,27.275,28.551,30.488,28.666,29.762,30.341,30.542,28.719,28.016,29.429,24.136,29.38
1998-05-01,32.1867426840424,31.819349951460467,32.08472209106395,26.399306108775125,31.99,31.665,28.868,29.315,31.792,30.547,31.386,31.94,31.982,30.071,29.832,31.832,25.4,30.753
1998-06-01,31.892198110159384,31.426040288757072,31.52837703202127,27.28186341603007,32.135,31.845,29.095,29.665,31.991,31.147,31.549,32.297,32.254,30.37,30.491,32.715,25.629,31.262
1998-07-01,28.287240623193696,28.738106938635255,28.799902013359105,27.166834939833674,29.441,29.405,28.297,29.343,29.595,28.596,28.627,29.358,29.597,28.375,28.643,27.641,24.022,29.414
1998-08-01,28.207199718189607,28.743302430279847,28.711754122591184,27.655086882589043,29.333,29.267,28.805,29.472,29.397,28.616,28.531,29.321,29.434,28.255,28.804,28.009,23.909,29.325
1998-09-01,27.75710350964786,27.948391125569266,28.157576745137046,25.864935004268297,29.071,28.953,28.55,29.167,29.097,28.793,28.259,29.544,29.589,28.129,28.763,27.741,23.729,29.701
1998-10-01,26.530430879086566,26.62406886794127,27.048232096035168,24.048468535519376,28.78,28.712,28.108,28.522,28.898,28.661,27.799,29.257,29.365,28.084,28.57,27.273,23.678,29.245
1998-11-01,23.55575860463713,23.643080260142558,24.196518237696992,20.816441798073832,24.895,25.056,23.648,24.12,25.202,23.564,24.13,24.668,25.209,24.674,23.327,22.376,20.913,24.768
1998-12-01,19.24598415538857,18.95184730214157,19.462498455294774,17.421647697527458,21.055,21.228,19.752,20.064,21.403,19.605,20.369,20.579,21.083,20.804,19.241,19.109,17.763,20.78
1999-01-01,18.123418145259492,17.94028414552826,18.23957145834569,15.109409494598651,19.906,20.02,18.272,18.987,20.103,18.263,19.406,19.641,20.067,19.577,17.811,17.773,16.641,19.281
1999-02-01,21.982100173272713,22.114119005691535,22.52548755902743,18.33888332933419,24.246,24.358,20.817,21.633,24.5,21.713,23.694,23.409,24.187,23.722,20.787,21.893,20.089,22.589
1999-03-01,24.901031574653558,25.232795700350923,25.49614037220427,21.088708190449946,28.984,28.842,24.751,25.154,28.995,26.247,28.144,27.981,28.673,27.661,25.217,26.97,23.361,26.819
1999-04-01,30.264428963044153,30.58779872119635,30.731025369734052,25.820026165099343,32.825,32.32,30.14,30.169,32.585,31.645,31.841,32.956,33.003,30.723,30.658,32.027,25.703,32.207
1999-05-01,32.27252834174222,32.33102581975201,32.381242164382165,27.662165048114193,31.302,30.853,28.333,28.414,30.989,30.517,30.7,31.591,31.482,29.347,29.65,31.891,24.627,30.57
1999-06-01,32.72955387820028,32.74783854860922,32.631842622041795,27.94150993452571,30.359,30.161,29.027,29.773,30.295,29.782,29.758,30.528,30.406,28.816,29.577,30.444,24.42,30.334
1999-07-01,28.561720755943824,29.102791057754906,29.196343787525564,26.98250890939957,28.877,28.81,28.082,28.804,28.996,28.386,28.048,28.936,29.106,27.846,28.413,27.481,23.535,29.125
1999-08-01,28.723510976239066,29.05204513976484,29.153373146922387,27.389710202281023,28.633,28.567,28.328,28.838,28.697,28.286,27.878,28.819,28.898,27.609,28.473,27.42,23.336,28.937
1999-09-01,28.496252379143034,29.03883158171837,29.03045588617532,27.16221252315481,28.353,28.253,28.06,28.705,28.397,28.153,27.545,28.709,28.832,27.498,28.27,27.043,23.158,29.014
1999-10-01,27.94045104746249,28.764477896969662,28.731830099819557,26.777610728748595,27.841,27.826,27.077,27.696,27.999,27.256,26.985,27.878,28.247,27.172,27.293,26.367,22.939,28.024
1999-11-01,23.314445088749572,23.796995905969,24.214117639474004,22.103174172505856,24.085,24.156,23.72,24.092,24.302,23.294,23.242,24.105,24.477,23.749,23.259,22.124,20.096,24.48
1999-12-01,19.703904631063764,20.09071457661965,20.394032390823213,18.074957797803417,21.534,21.743,19.81,20.165,21.903,19.824,20.877,20.902,21.556,21.333,19.363,19.468,18.175,20.98
2000-01-01,18.79778751885778,19.154834170499775,19.42955704718491,16.385545743344732,20.681,20.881,17.938,18.386,20.903,17.558,20.489,19.461,20.087,19.983,17.068,18.71,17.249,18.195
2000-02-01,22.968490769520056,23.160324305909484,23.62732978817458,18.963978198725567,22.157,22.247,19.021,19.861,22.301,20.069,21.763,21.529,22.166,21.578,19.112,20.138,18.331,20.9
2000-03-01,27.991908828268198,27.963812006621048,28.4504464748319,23.10482887674672,27.772,27.666,23.037,23.346,27.893,24.336,26.927,26.329,27.012,26.292,23.377,25.682,22.315,24.543
2000-04-01,32.644486660453815,33.02693944590872,33.01023382764773,28.690090265921754,31.456,30.996,25.854,27.432,31.186,28.977,30.665,30.725,30.946,29.161,27.981,31.148,24.593,29.131
2000-05-01,32.020006306552126,32.010276117617096,31.923974123578013,27.153319115808173,31.163,30.764,27.542,28.096,30.89,30.14,30.612,31.328,31.143,29.108,29.195,31.871,24.553,30.347
2000-06-01,30.619270616025155,30.624660167450827,30.64226628488798,27.863509666614807,30.008,29.823,28.967,29.668,29.995,29.71,29.363,30.354,30.201,28.546,29.586,29.703,24.175,30.147
2000-07-01,28.184419268018036,28.67427275796761,28.737461544754588,26.76379906634382,29.212,29.031,28.901,29.493,29.291,28.573,28.289,29.15,29.227,27.952,28.753,28.134,23.559,29.326
2000-08-01,28.124601260231223,28.505956097916158,28.54459955008442,26.92593820468249,29.413,29.391,28.218,28.814,29.499,28.434,28.633,29.237,29.475,28.392,28.443,28.08,24.039,29.036
2000-09-01,27.77013830031525,28.242818534354146,28.298882495640196,26.6665830760301,28.653,28.63,27.482,28.069,28.7,27.716,27.926,28.643,29.003,27.876,27.687,27.167,23.561,28.601
2000-10-01,27.016765522873072,27.39784059958565,27.611120509218814,25.765284705212228,27.617,27.558,27.067,27.443,27.699,26.948,26.824,27.788,28.01,26.82,27.002,26.455,22.69,27.536
2000-11-01,22.8551484807442,23.305805709362964,23.577850747862556,22.166043436183976,24.965,25.056,23.261,23.597,25.201,23.585,24.119,24.624,25.086,24.485,23.338,22.961,20.827,24.5
2000-12-01,20.15471091991862,20.420880115785767,20.79507420943834,18.11207942158143,20.09,20.35,19.246,19.222,20.406,18.589,19.652,19.483,20.092,19.954,18.434,18.119,17.1,19.691
2001-01-01,19.725723628010414,19.688649550724314,20.100093203477126,16.128686837896677,19.521,19.643,17.724,18.012,19.701,17.732,19.25,19.06,19.428,19.064,17.233,17.744,16.262,18.502
2001-02-01,21.10524950274585,21.315099927018913,21.685720852150865,17.180015419482782,23.626,23.797,19.887,20.321,23.901,20.341,23.148,22.366,23.358,23.109,19.526,21.066,19.672,21.187
2001-03-01,26.725263580995822,26.81951894672755,27.269979995127642,21.41263426187056,27.885,27.731,23.316,24.176,27.893,25.522,27.173,27.066,27.619,26.559,24.348,26.145,22.413,26.03
2001-04-01,31.495931311294353,31.421231231278437,31.582996688164414,24.48253168768217,31.67,31.237,27.043,27.623,31.487,29.956,30.636,31.51,31.688,29.746,28.7,30.658,24.957,30.225
2001-05-01,31.836527191706885,31.71429880752571,31.720917849331688,26.35977346780833,31.481,31.051,28.543,29.038,31.19,30.795,30.939,31.792,31.626,29.38,30.017,32.342,24.769,30.96
2001-06-01,30.086269198118245,30.466922882633423,30.366894353277246,27.791342949599315,29.327,29.148,28.812,29.387,29.296,29.499,28.672,29.948,29.766,27.994,29.376,28.89,23.654,30.045
2001-07-01,28.69817313202297,29.033800764251648,29.104079732158727,27.576842354260666,28.681,28.59,29.081,29.821,28.796,28.81,27.784,29.131,29.173,27.694,29.013,26.946,23.342,29.716
2001-08-01,28.76817440479096,28.983489124749813,29.171538529196976,26.80964471219124,29.497,29.434,29.157,29.645,29.597,28.91,28.591,29.607,29.717,28.459,29.074,28.094,24.073,29.625
2001-09-01,27.954487615779843,28.24430509124139,28.465112994170358,26.102933763061863,29.678,29.634,28.567,28.994,29.798,28.728,28.861,29.628,29.935,28.808,28.73,28.234,24.305,29.513
2001-10-01,27.056525387862102,27.536179915001277,27.58670701840076,25.759184585325933,28.442,28.412,27.121,27.622,28.598,27.661,27.506,28.365,28.707,27.675,27.597,27.006,23.426,28.244
2001-11-01,23.67533879359141,24.04487113062854,24.410652892940206,21.74550590334302,25.43,25.537,23.9,24.186,25.701,24.105,24.619,25.118,25.59,24.979,23.841,23.367,21.208,25.089
2001-12-01,18.772663632201574,18.96192979163392,19.348118659591602,17.58824635705525,20.745,20.894,19.958,19.904,21.002,19.552,20.26,20.38,20.741,20.375,19.349,19.388,17.432,20.502
2002-01-01,18.66698571373038,18.882865303177564,19.112570846674654,15.93956462428175,20.661,20.891,17.235,17.759,20.904,17.532,20.404,19.529,20.36,20.274,16.795,18.617,17.367,18.48
2002-02-01,22.20984956641255,22.16299886993917,22.807184283389823,18.09527723297686,23.936,24.01,20.278,20.918,24.1,21.247,23.389,22.956,23.722,23.286,20.297,21.828,19.758,21.91
2002-03-01,27.055760733384137,27.021905163847265,27.478385649580698,21.641626350266225,28.583,28.418,24.445,24.946,28.593,26.029,27.799,27.656,28.236,27.222,25.139,26.852,22.987,26.53
2002-04-01,31.317313394343117,31.719082559481322,31.812957251630692,25.64098754513995,30.741,30.278,26.456,27.012,30.486,29.138,29.957,30.593,30.703,28.711,27.943,30.366,24.06,29.426
2002-05-01,32.29235546191883,32.18084178060016,32.150467035522205,27.359852814957687,31.978,31.573,27.612,28.394,31.689,30.75,31.503,31.972,31.863,29.82,29.67,32.923,25.16,30.77
2002-06-01,29.309863884905777,29.83601833929633,29.70048192762092,27.632351807466364,30.36,30.136,28.695,29.163,30.293,30.144,29.847,30.732,30.451,28.746,29.768,30.982,24.341,30.364
2002-07-01,27.849719093575207,28.60225345311313,28.583131368561144,27.753492743754247,29.652,29.48,29.025,29.706,29.693,29.619,28.799,30.029,29.952,28.419,29.439,28.646,23.952,30.323
2002-08-01,28.85676783533394,29.235329087475556,29.3464947268117,27.737034577494406,28.633,28.567,28.438,29.013,28.697,28.286,27.852,28.819,28.898,27.609,28.474,27.416,23.336,29.026
2002-09-01,28.97503436828339,29.236347223966852,29.46887388237799,27.206356247164422,28.653,28.603,27.949,28.511,28.7,28.224,27.888,28.916,29.102,27.743,28.198,27.325,23.492,29.013
2002-10-01,27.62272811307098,27.9970101365006,28.217212573791745,25.817111377393996,27.605,27.644,26.433,26.938,27.8,26.828,26.773,27.597,27.991,26.991,26.759,25.715,22.852,27.534
2002-11-01,24.18712222429724,24.47213048064338,24.842815014356106,22.396531455976017,23.95,24.075,23.091,23.49,24.203,22.864,23.184,23.883,24.294,23.672,22.735,21.676,20.09,24.069
2002-12-01,19.869607558645345,20.06001540142901,20.28463789566546,18.33870149389136,20.646,20.846,19.658,19.719,20.904,19.341,20.332,20.246,20.655,20.368,19.106,19.189,17.429,20.391
